       0        0       0       0       0      0      0      0       0    0   0M
      61        0       0       0       0      0      0      0       0    0   0M
     122        0       0       0       0      0      0      0       0    0   0M
     122        0       0       0       0      0      0      0       0    0   0M
     122        0       0       0       0      0      0      0       0    0   0M
     122        0       0       0       0      0      0      0       0    0   0M
     122        0       0       0       0      0      0      0       0    0   0M
     122        0       0       0       0      0      0      0       0    0   0M
     122        0       0       0       0      0      0      0       0    0   0M
     122        0       0       0       0      0      0      0       0    0   0M
     122        0       0       0       0      0      0      0       0    0   0M
     122        0       0       0       0      0      0      0       0    0   0M
     122        0       0       0       0      0      0      0       0    0   0M
     122        0       0       0       0      0      0      0       0    0   0M
     122        0       0       0       0      0      0      0       0    0   0M
     123        0       0       0       0      0      0      0       0    0   0M
     122        0       0       0       0      0      0      0       0    0   0M
     122        0       0       0       0      0      0      0       0    0   0M
     122        0       0       0       0      0      0      0       0    0   0M
     122        0       0       0       0      0      0      0       0    0   0M
     122        0       0       0       0      0      0      0       0    0   0M
     122        0       0       0       0      0      0      0       0    0   0M
     122        0       0       0       0      0      0      0       0    0   0M
     122        0       0       0       0      0      0      0       0    0   0M
     122        0       0       0       0      0      0      0       0    0   0M
     122        0       0       0       0      0      0      0       0    0   0M
     122        0       0       0       0      0      0      0       0    0   0M
     122        0       0       0       0      0      0      0       0    0   0M
     122        0       0       0       0      0      0      0       0    0   0M
     123        0       0       0       0      0      0      0       0    0   0M
     122        0       0       0       0      0      0      0       0    0   0M
     122        0       0       0       0      0      0      0       0    0   0M
     122        0       0       0       0      0      0      0       0    0   0M
     122        0       0       0       0      0      0      0       0    0   0M
     122        0       0       0       0      0      0      0       0    0   0M
     122        0       0       0       0      0      0      0       0    0   0M
     122        0       0       0       0      0      0      0       0    0   0M
     122        0       0       0       0      0      0      0       0    0   0M
     122        0       0       0       0      0      0      0       0    0   0M
     122        0       0       0       0      0      0      0       0    0   0M
     122        0       0       0       0      0      0      0       0    0   0M
     122        0       0       0       0      0      0      0       0    0   0M
     122        0       0       0       0      0      0      0       0    0   0M
     122        0       0       0       0      0      0      0       0    0   0M
